49853
45881
116169
17014
45904
53666
125499
81498
76640
44138
58220
134737
99443
129948
16166
113363
48117
93013
57598
70448
115481
1528
116948
115111
111046
48157
35997
38369
136986
41125
135144
12822
13374
77325
92552
48297
40361
12529
83248
5256
117087
77389
43925
82527
93825
21238
6157
19167
34192
26609
82838
70003
127975
125971
24807
92534
51146
132226
9537
669
7460
6101
99908
62488
44934
129696
99932
91740
1948
26991
114516
105962
131087
125756
41359
111809
9030
55727
60046
7427
135595
61750
50199
83201
55396
119463
70179
27306
123646
91289
55135
772
77940
74948
102454
49506
16343
42772
129977
34555
33583
31347
19993
22951
7676
82411
68251
91083
68252
73035
115823
130265
63236
116415
99103
81500
103852
132602
76137
75037
34420
20394
22408
126464
36618
5493
12538
64397
13206
78907
96498
11500
15940
45360
134955
71983
131181
60902
114948
95153
42777
113335
55622
127272
128738
4622
44638
5839
107380
92353
59622
40380
30869
10587
110364
100167
40169
70935
7529
47850
8251
128349
42341
23266
45004
97890
60243
35324
52459
29626
44672
61462
80820
69201
86180
40049
28827
56134
98201
100086
36080
113765
38801
43235
114388
14070
94713
25998
104314
16465
108477
15961
135526
18480
73862
46236
17613
45504
20680
16784
119662
21124
78490
62697
134898
17177
12173
69690
126091
52863
25073
28933
11021
66252
46589
125840
103693
103898
50326
87413
36973
77585
67538
54612
70802
77920
59737
18997
100087
39733
97632
93609
102795
39719
101245
134536
54952
105027
9786
113331
19418
60592
47587
27973
2059
20188
55478
109088
13381
37935
53649
104620
97821
10783
4395
632
1465
11565
45612
81600
55336
55413
129974
34076
32823
101734
109517
116213
37255
38719
95879
119515
43981
114909
37964
34528
21017
14127
59209
52862
11851
57997
17104
20499
54509
20562
127912
12009
32548
73528
135253
23071
60731
86552
30945
124987
122058
33219
83119
41117
92798
52254
12528
42876
73060
19973
90399
46068
49522
76413
77584
51122
128174
23260
18088
64735
64021
59525
108010
30754
92376
109304
12325
69642
304
2425
24743
93997
122049
83388
130419
133956
83534
12294
98666
83276
36503
95404
96542
56075
29450
67044
98245
128933
101586
76755
44834
36453
55425
133771
16001
2155
46488
70377
22551
123608
97303
90336
14962
108305
34040
16325
1344
92536
122274
10092
35097
68273
67244
125375
9552
58568
56240
47194
12110
65474
127495
47665
78017
13841
2180
97069
21752
1411
67454
57180
44405
90615
127407
32137
55193
18463
11886
55760
72628
1547
13633
108503
50565
97024
62832
129956
75120
21942
60099
60085
2224
86898
7985
53512
8151
126412
37854
2664
104888
35753
1677
68691
92749
87584
51278
78381
89839
24364
113165
8595
12418
22294
4300
69102
66493
25995
61461
86303
4368
11081
53752
120687
73200
37034
34496
55341
29394
49587
31616
53307
13259
29156
27346
17962
132945
117392
134318
38020
55086
124226
133879
69047
6854
13701
69881
22348
58503
124934
17243
32664
29812
128612
59050
12034
25934
61137
134488
54991
125485
8089
6591
5477
34663
76719
49755
23032
5281
87456
7971
131639
74850
41364
28840
113908
113380
107553
5385
69414
67823
117494
54736
105758
46752
91162
25760
85296
122834
60359
74586
40693
48632
121612
103096
17868
12534
92315
96882
135296
45289
96129
48737
121828
17296
7320
80171
71345
92029
98095
8396
123732
123086
75904
23558
79855
59788
23959
56429
5106
131739
30154
89632
4903
96275
114995
105975
53638
49802
91120
113184
129788
94933
88337
49942
71186
18567
24523
135234
36025
65465
92041
132330
26252
120916
41397
25743
61999
126638
104617
37812
124126
18262
12722
90113
8706
3776
115611
43379
77468
49306
68596
96088
134202
64019
80475
10789
352
29162
82786
18092
112682
51448
67436
78531
42704
102701
4194
108328
68893
51384
110766
50948
32865
99489
19088
32239
85249
52252
69885
3591
95840
34820
21292
75226
83602
21182
81052
25137
86240
123524
69293
69546
111642
68882
18547
77341
135927
73360
61090
62129
61344
55453
63278
88513
124271
127326
13898
14350
50030
135924
74460
67284
62310
45572
111838
97465
67905
42136
135966
16572
23701
73464
7185
66780
110897
86824
67139
73263
59851
82493
84
87383
13978
12065
123655
40809
86506
56241
1773
18188
63462
4095
14751
5744
32316
87846
58408
99100
89184
64637
57970
56959
94251
49161
79184
27716
125769
76611
40749
13492
38768
70576
136766
82569
18866
2162
28491
124522
12471
44075
55080
46643
109110
47883
61391
59677
134914
3507
71199
66711
24024
128164
63895
60650
113543
25692
136180
132450
118299
2026
13510
20995
17558
10429
18570
102211
70145
42922
73767
10969
81393
134079
53152
113973
85797
24217
71302
60395
90912
114645
120992
25560
12777
90536
122447
52732
3624
125069
34646
25927
51464
123411
97812
20821
73741
70277
52355
23677
82453
55365
119757
6900
42176
96430
98490
56093
71843
11628
83514
34159
39868
61723
58949
134636
2658
87587
14759
85728
120103
89635
13687
70626
86264
8761
17505
4041
76800
45002
117953
68809
84482
127400
124300
53394
65813
38981
6219
19182
109404
51294
36964
670
11534
39591
81707
35309
103551
63936
27963
81823
18621
134860
95779
29419
91707
107419
96045
46245
102422
54616
89080
97783
35527
47590
55176
72812
89422
21544
37598
34965
47980
13854
121334
27199
93426
91133
47989
87748
11096
10543
12089
71237
86342
39201
130738
81092
96412
40938
26734
129208
73014
60063
44173
46246
27968
68735
109020
60773
54022
50525
111517
36841
116300
39112
39460
39276
121401
78162
16308
9393
30244
98421
9664
127529
43920
82321
77151
31318
125489
100142
73986
38036
115916
31715
22241
45241
114025
40052
65045
51023
28076
133859
31513
59139
68765
23237
89681
13335
88893
77051
64121
58087
44153
11840
130516
17430
28099
114517
126544
43
77729
121465
3653
32130
13511
25054
19480
16404
4152
103840
97594
14015
86762
16270
122911
9496
317
12962
63218
18953
10559
86761
108273
59007
125173
80574
131505
99044
93417
116059
46296
113491
106631
4657
102158
16660
62865
9672
18845
62947
58634
79300
71814
65153
8894
5670
47748
16873
12194
87113
57896
9273
50942
54524
126180
20219
38974
2870
18931
1194
75584
76726
54385
76580
13542
11101
25552
37993
55036
126769
25301
66676
50902
81524
127058
58878
107345
36479
69380
123249
10018
6972
31421
81941
131620
13857
82414
27504
39655
116999
674
124626
12098
113419
126953
130279
69232
73836
117954
42215
54090
122325
121229
28571
8969
126225
80040
35047
47734
128355
28691
58403
98648
123416
62431
60238
63071
5128
9345
53936
17380
60784
48911
119430
14243
78080
10691
11459
52638
36514
38512
133801
38979
95475
42640
10502
54603
131516
110183
3818
104722
28326
60100
40251
57149
125945
95386
15994
5028
67199
84384
114426
30880
69185
37675
13936
31252
126419
41580
17619
114722
122876
7216
14508
83999
34870
105183
79286
61759
61113
108251
34628
99378
14235
122603
92111
108774
11117
4286
13891
22950
135738
99808
76764
48774
70182
17770
63206
84677
63819
51379
29648
115876
8412
89537
102838
101300
20929
81652
9027
98934
85663
32608
117102
64506
42729
71061
5102
76111
28057
93135
10837
17926
14911
54604
31320
106480
121781
87834
4535
78388
99705
10065
78864
62116
93678
114986
23361
122387
101147
67298
131280
27910
71620
8389
51388
36174
60245
19457
62092
90046
18831
47377
62016
78200
11292
36633
98643
73508
11635
133080
30291
28465
7687
51889
31543
79799
122754
118780
89041
51365
6617
33671
41771
49157
16023
20308
7678
131451
102661
114327
127642
2310
76329
4934
66634
102083
55310
32559
12277
89488
109588
44883
77234
77312
121639
6121
12515
49692
93314
36615
8135
35571
122676
79394
44019
109302
3972
136998
48612
7467
28514
8176
67263
10418
73830
24335
127560
27956
84792
37029
113346
136774
127793
62506
24489
134756
134123
40729
42826
36035
102430
3668
9306
76675
131584
29597
28694
127665
136276
91413
31562
47655
45634
520
49725
54421
40226
15476
20845
46966
115910
13267
19339
77701
98848
91943
106616
89008
59309
114700
12216
90613
32966
109477
62808
30955
107730
24163
76660
123850
72233
116822
69042
99393
8128
111794
30042
80271
33931
105074
9308
122467
6707
45676
77928
128817
135399
595
13972
85447
104820
126408
81646
35879
66779
133869
81104
75119
61009
11025
101181
125669
12320
7053
77631
66265
70753
124743
45857
105619
29990
78373
601
2320
62785
113982
13740
100864
35106
7234
95081
90446
15971
21234
3164
117066
77200
91963
77461
17808
87187
31919
19588
121449
41762
36027
104032
24131
17973
33945
39246
57547
70728
135548
10740
21052
70583
95337
54348
103213
42897
58264
101184
127892
19184
53338
90297
105046
12205
125745
45367
21802
77262
29860
29669
77582
67152
50780
26745
4427
59905
28401
106471
21338
69188
97660
6511
54579
6676
91770
129207
82091
114780
43815
35717
73113
23347
83594
27979
125039
121376
27851
42289
75447
84855
56486
28220
85786
61988
16427
83960
15191
26690
3850
132198
54795
83607
33152
56943
63841
94826
40633
36667
136869
135706
27375
76803
13578
66209
111504
36826
14266
104313
20159
54598
79285
4105
2373
16881
95043
71956
2824
92074
60182
30836
69769
4878
65985
10507
354
70445
128659
133498
59621
96705
126020
3111
67246
87410
45873
68475
8789
40651
14319
10846
115733
74546
55796
83209
54192
71527
1809
64144
24089
30027
10076
36323
52864
42623
6890
3744
4898
64459
11474
44973
33924
112005
70594
128838
85561
88999
35905
67670
69541
76009
59311
112441
90295
44012
29043
40603
7188
15404
25329
52415
27024
64846
857
24333
83332
10240
68416
1236
119347
96800
71734
21789
85530
53189
69581
97225
57814
113930
23102
94745
11939
59632
114274
102094
46067
119743
119269
103522
2613
40735
67855
93233
81233
122434
82033
13892
9900
5922
51297
106601
6491
133135
105913
127108
6674
113857
101590
41223
12835
85552
75453
87709
14476
114954
6914
49140
93037
108680
20854
81767
30435
112594
71737
113099
76485
28764
32286
33975
28920
54922
99933
34117
537
117370
48513
72735
103052
94058
86995
6927
69115
47579
50437
110831
122119
17519
130680
2761
2850
90853
103960
115622
116176
59434
38015
105434
31740
78341
22148
64381
1216
110451
40172
6892
29331
18598
27241
34568
122483
20867
13156
85798
11026
54255
2754
4854
80715
122529
5676
63079
84171
17261
83502
13941
92081
21710
77620
14959
117684
133675
11492
130783
3152
29678
68651
89869
81803
130350
90537
79947
32723
104181
66680
42695
53381
87516
6465
112253
6692
114808
47017
40039
34092
12231
68733
118308
65646
96333
1277
8263
56024
76934
48677
10593
96162
60334
13917
23305
12870
128549
86
83473
28862
131263
63781
41645
20915
57946
81640
3683
22199
34136
25613
80264
46520
7456
25396
133322
81209
30068
60935
57236
64027
12113
4754
127672
113751
132944
30282
102775
62014
98852
97283
10067
130907
63871
95499
33932
134890
83445
3016
16908
83168
97158
7236
81703
56751
92713
112303
130036
97466
110374
10205
12763
116991
20905
121409
59447
43170
24285
56681
56501
10738
49255
108870
289
33080
4023
54202
100043
6905
103554
100423
16945
10253
136399
97270
118698
14532
117119
60080
92677
26296
10257
119305
17671
56299
65113
68719
82009
116842
40762
14464
113551
33081
10746
130773
83747
133496
31566
26254
98028
49752
126090
112953
104478
71553
58009
115003
59563
26944
1476
40261
116799
133288
64877
29599
20842
18169
5286
28168
128369
679
67865
80922
26779
129950
39920
27408
45796
94499
132975
33653
27648
113817
135189
97461
61666
75058
104299
64106
31770
1648
68376
127157
63043
86854
135755
21461
7109
133228
13871
100132
89764
136340
20143
87742
105517
115617
94351
123059
53151
123076
41146
71690
102938
79523
121156
49321
128603
136824
73940
49105
46101
34218
123718
10042
23948
25603
13257
1669
74157
60560
57812
33261
17692
53465
130864
89621
34729
44390
44198
89695
108793
91199
134289
54342
17612
14152
22268
87830
11351
65823
115940
112327
6604
65737
5610
97865
101745
41418
17206
112055
41952
93161
55400
65439
34535
126954
46110
123854
59477
20856
105261
19085
46225
49923
73851
90797
117174
78139
114012
127716
30825
98210
37770
7312
39296
24365
123609
2361
71106
55253
67863
14522
12499
32026
52032
84480
75451
7484
43919
51473
97246
6079
45121
51709
51492
2547
47093
108810
31731
11408
50213
43871
41430
135181
35708
83921
10661
124511
3051
96709
72801
13282
25822
25109
56052
43169
92078
35149
27614
89265
96295
124090
68248
123575
92384
90198
117100
97489
8125
49666
100995
58809
57382
33636
132830
17923
129360
31867
28904
5100
2938
45514
87852
95006
87020
27857
39670
19564
34571
15836
91182
62682
126527
40452
52289
26689
103406
100224
55740
95954
60759
25551
25658
111416
21551
90810
98607
10415
57154
10156
84738
31655
82482
88934
27082
24340
79739
71930
8776
109572
88441
136172
25292
105943
64120
10440
35806
78158
77247
49896
125804
13302
76031
9060
102911
58935
93896
29677
1051
69904
13781
80076
42616
24765
33103
128091
43332
14305
23143
18502
133356
32905
36281
39614
9929
77603
16099
39450
64819
84876
130726
33342
10013
20284
12348
102584
96321
43013
22615
20717
32304
34547
58527
16702
52284
103499
133636
17726
25291
61956
28624
40319
81385
123354
2090
51723
114994
64746
93359
58462
36920
12780
80414
16466
28712
129716
55374
36161
10436
100676
22972
36593
118415
34721
11396
28090
3927
16093
19128
76040
75505
87862
4965
80685
50001
51180
98238
31423
39744
24598
108155
13635
119770
72134
62236
29275
13724
69555
25722
130671
14665
35514
28114
93317
78897
124305
47095
69640
87805
49963
49307
3582
2787
81536
69204
70814
132326
132417
20724
96871
55810
5969
56832
31774
66967
69639
103939
37629
129203
42258
11988
76841
105985
130432
27824
10606
52493
30324
50815
22860
41428
2439
51167
11883
98398
75515
31888
33479
113176
25084
85309
65274
33137
95769
26795
117007
134408
114412
118542
23205
61890
134459
19395
44322
103452
9933
35111
559
68520
25853
10583
56815
54729
98815
27953
67461
63127
76743
119645
55584
80778
91576
92480
93648
6523
36768
6231
37354
108448
88491
119126
56762
64886
53501
54950
31652
36947
129019
46223
5098
61135
10160
59020
53062
126533
86603
87716
50788
75654
101735
52622
74692
66988
57492
62629
23456
134917
90132
126236
12484
130983
33169
56811
114985
17771
15859
133280
48002
88475
57798
24591
118580
24785
44365
127797
47696
134503
124382
81044
11878
38541
46820
109950
19405
58780
1421
13804
53160
97778
1309
54724
105299
64094
17817
55423
130290
54369
113451
71220
17136
96428
76459
101618
42787
4405
82023
26874
26729
43590
135498
114242
62707
47992
1785
124622
51220
97522
111043
94025
20103
122895
40114
6254
71963
25063
49091
55326
35778
101203
29174
133483
45538
117275
97832
98191
67269
104512
112623
103421
90351
88174
102267
61082
117323
37017
116841
65896
95340
18700
49643
34217
128798
103017
116103
120091
115585
26221
19140
93978
6581
111648
78508
64355
2995
126015
83564
64744
51878
122098
14043
92962
68023
75952
131848
28569
46963
21933
116185
131231
79559
110977
94459
28973
31785
110334
96851
67273
129491
109131
74004
118803
89230
136690
74388
118146
21580
116418
55526
71850
134615
18970
74272
30656
102894
22353
104256
106623
17669
34072
88522
38355
16529
113977
36016
33990
2438
13407
54061
79509
109642
8225
22404
38414
104108
74987
120564
93551
24296
113912
128383
125737
47253
74016
131814
133218
13387
119313
134741
73864
129425
49403
114133
54751
77007
20887
27089
17184
135835
104309
92446
100655
26871
129683
35217
59478
54714
71618
55932
31912
16226
51201
108697
35896
30359
23271
68137
18577
43973
74504
71191
79182
34748
76371
61443
58048
129633
2671
58399
61911
117973
115358
123437
77956
36983
47846
91221
55812
41318
99607
83603
102300
46640
66815
45304
133665
20007
52359
104757
73103
65456
40077
77168
69110
49601
40046
12226
118834
40608
72122
111023
43866
20079
90597
38701
19649
96703
73
66268
63637
94435
42011
52857
93219
93557
115208
129586
24756
492
24155
47951
1924
35210
69531
75269
22013
105787
1897
16027
100599
37338
29157
71001
39231
99095
57370
35787
25127
44668
109658
715
60845
45674
25629
20851
122223
62393
68822
53701
113638
53355
6650
4330
93680
65070
26635
10121
97900
119196
63190
87117
31764
42948
51953
450
52003
83365
136395
76520
27803
60779
106584
102524
64075
6576
108705
84034
5260
112270
128536
9229
9605
115966
44162
70471
90236
19222
88471
54597
1595
17789
110861
41409
87905
63129
135730
96690
38985
63152
30509
104233
118708
129377
18890
131314
24244
63419
60346
9292
54651
38983
81859
135300
69783
15435
83504
102796
106696
102437
51248
82467
12321
11912
110283
3510
72688
129747
35618
14567
112605
115077
20398
4173
37
74383
132219
88150
64105
8980
130544
64441
96941
121554
76320
136572
30403
93777
121442
50434
47815
76306
107718
12152
64811
19179
130832
26375
63323
36745
95159
45545
10026
123863
30818
100942
116314
102414
112535
62156
23488
31151
20445
8027
76484
11709
4417
62533
17543
34385
60820
861
31688
81304
54111
73618
635
24712
122239
111083
39872
39686
119085
35470
24237
2899
52918
116727
9780
135378
57536
50138
71069
58904
26118
122116
86217
56424
79725
64662
34565
39404
53875
10432
110920
7421
113553
56892
94839
10260
44450
110949
34559
17999
128271
83690
136272
45491
36910
65272
118292
8469
31701
47293
49172
136480
95023
42868
53711
87625
8465
75977
69554
62329
135981
65981
53226
76691
94637
1120
18592
79522
56200
90344
50816
90494
77010
133387
1700
23527
73135
89076
7097
40708
32952
35898
63301
69665
62671
1394
76339
6973
95003
25687
101183
65176
23597
93131
6477
87310
60149
20511
79125
107790
15620
122077
80751
31607
106182
131466
116990
95624
79894
49572
5061
89620
13752
132139
114646
79133
30737
25718
33898
23451
68964
124424
77492
34144
100498
22876
15928
33987
2368
13234
24328
124534
6206
23512
38664
81773
43282
40337
82387
110107
8369
111769
124099
121372
125294
49962
17336
133638
41488
122498
113611
49191
34641
101122
100399
72421
94562
402
46586
24028
33941
6270
15300
16589
104176
28435
89971
89518
127382
21018
9303
67274
54899
28231
15708
4450
6872
128069
8435
131680
136773
18011
68664
55951
99336
62650
41078
72589
71987
39690
72300
37196
135821
52785
9397
68145
44117
14097
49162
12143
42220
13439
136758
90711
67400
106038
36892
30628
34252
57460
40637
25623
69777
59191
67069
2038
72166
16294
2421
2989
84542
42199
13504
102813
28952
92129
86907
131656
122729
101693
72570
129607
47295
58033
84303
88981
101337
81929
11134
103533
31496
20649
32544
34440
34579
9529
110893
12063
11714
45395
49488
35600
69705
31659
83958
115325
2857
29091
17924
132856
587
52702
51900
7954
21163
6484
11061
80461
4425
106320
115313
12805
33168
49178
9395
40220
6993
23051
85250
120422
3544
55096
93536
109837
86194
47303
290
122897
25598
4899
83688
104514
54028
79895
16295
26982
91612
50761
51445
53119
206
44056
57016
16147
29202
43467
98829
18578
65771
96127
24688
101145
84881
23708
80270
27310
91675
73436
106947
65062
27646
59479
75422
19958
60714
14346
31932
3215
99021
218
38640
136030
100127
127534
14048
1889
106120
58654
54804
58833
10417
134585
13486
6693
64212
57210
131441
26715
127185
87008
6319
38682
28855
75204
103777
136505
18399
17957
73551
93700
5901
44432
52662
4610
56427
31431
120034
17581
25323
86594
53483
19289
131829
120068
119310
96523
103508
102719
74688
39732
42652
9491
51685
54517
37095
41028
103790
87497
108243
61499
64263
37237
102435
52655
19712
31571
79802
71754
17475
130322
112178
100106
11881
41995
133455
124617
50866
94986
33173
4524
77278
71449
68211
61959
38538
47281
43290
26298
70672
61126
65151
54581
93006
67751
94052
68890
60225
99391
118821
93723
54103
115070
66425
100736
64857
26583
18398
44271
91195
9270
47596
103030
133579
28737
28589
32695
35761
51857
122371
122575
498
109092
32928
33784
79944
103560
71808
130013
131044
66652
131019
133232
13286
115612
57441
17940
8241
99366
84888
8222
3428
15166
35216
120593
10015
116815
4865
98023
111616
115458
125197
64140
84471
62693
53234
74216
25362
325
56409
133962
49548
103020
46664
26707
14519
93289
45533
8768
117990
59849
2651
120928
53745
132124
95138
122293
101234
34006
45483
92374
92001
128362
110002
57574
18004
25655
29323
111791
108753
14217
132346
112003
80507
96052
6173
24676
61394
51615
67350
52615
30938
17201
16125
130880
81598
92877
63166
118830
98569
54023
92942
6895
34846
109364
79815
11328
36595
29556
9608
32005
114999
67309
14588
130353
80984
71042
64466
18761
43702
64201
48690
2350
125166
129075
22000
24043
47829
16928
125006
110021
17917
106545
67355
49125
73057
62737
82627
11244
6874
13585
73463
47278
131194
119195
30770
40825
29641
124262
134410
16692
45430
89619
24886
4719
71097
11933
62257
118379
64002
58124
56790
2807
68295
94128
70676
13779
8978
69474
47604
105894
86916
7445
17588
3187
95938
82026
60464
65475
64661
114488
96458
27702
48114
43274
2512
9413
128324
59046
83687
21842
133424
49591
63974
133214
4586
125753
55494
7417
31657
47799
32881
109800
44974
57777
91344
112881
13649
104770
1987
12782
95572
118058
39065
44395
30626
8063
7641
57647
107554
113856
8462
49518
38314
49884
27085
79916
23469
71721
36732
47153
85491
93355
59292
17929
15416
118727
121721
11219
26374
7060
96448
77
50957
3658
11882
52424
20822
3657
121022
128181
67313
26381
132317
8431
49865
66074
25536
114991
22884
60270
96033
81867
49627
63124
33309
125148
60387
51401
24253
84396
2788
11911
107853
125709
32866
104961
51850
58139
38311
66750
76647
117908
58839
92460
120670
13987
34129
135812
133127
20016
93008
30254
18722
95362
117382
101873
2834
109762
70364
40106
49070
117399
70786
66139
68154
97562
120594
71141
83221
124895
94354
33512
5518
40171
71349
55970
66761
94545
13787
30866
106291
63040
79351
82916
135466
35994
122265
56683
28775
1393
45084
89494
26371
116174
93898
118265
2830
38299
134041
70396
109782
9699
58828
56460
60668
47447
134411
64986
72653
97014
48134
33255
40233
36290
13840
10497
47090
38803
56390
135896
108317
134418
115701
98434
24562
62923
41004
3062
2127
15724
2116
36356
92783
124184
18382
35191
52598
45418
45923
82443
124866
63037
45072
4177
33559
107973
70355
135851
29809
55666
131782
31592
36352
11597
42309
128784
31398
113086
112449
11200
15919
4737
120611
11411
24601
128807
83942
48855
119179
134502
29214
4841
12475
112277
13592
13822
49295
136904
63198
27442
20096
132974
11645
31126
93004
110489
65293
59167
49183
99767
60985
3689
127852
94640
10116
102215
34246
106938
16901
127590
68434
111587
2823
40260
131770
48946
134904
48076
109360
23258
133766
14233
25700
9568
67076
101832
67385
10347
73188
55114
57373
54644
79576
277
92449
29717
32677
68189
9167
58965
53713
34275
26590
132926
72153
77181
92252
105014
127080
11759
67341
113141
5525
36337
128865
6347
65455
47841
19133
62142
113981
39400
126378
115919
28627
21004
5876
24372
67275
6637
105253
31824
117959
18086
10810
100417
86397
66201
115598
11844
111049
83681
77396
108316
135499
69610
74728
83104
8060
49966
116425
71912
38945
102908
97219
13363
51305
224
98576
17234
54672
59822
43101
41161
61280
52145
24219
20191
54041
104031
53536
87440
51906
10270
60285
18783
66054
20932
47625
98165
129177
103240
7927
45412
27874
1816
94223
122943
132918
47240
114794
91090
37309
32846
55295
35536
57806
36280
35307
76347
94252
98627
59614
58722
7988
65270
128034
34997
42188
8736
81327
90610
7180
90794
136373
41665
17755
49937
46900
116604
50154
103957
49284
9973
4092
131030
33839
96999
61564
12804
97582
106329
112276
11056
54039
124783
125966
122687
134521
50812
31109
34976
39298
42227
92791
102673
85720
105527
91872
11899
63745
86285
124392
47657
19100
30168
59515
47753
102181
44167
25046
47543
105523
99657
81224
12584
19861
70799
56392
80466
36104
24385
22435
100117
5350
45353
93049
120596
17407
12745
111187
13904
28946
32086
90006
126837
87762
114479
97925
97296
55490
44241
114024
101015
36180
103235
4333
40801
2332
35196
22163
126961
124049
120352
16205
68374
133951
2508
41990
53089
112686
71232
14155
82271
9982
88071
126478
54397
38343
45644
2028
70057
10344
6227
67838
945
21632
61763
112961
119674
53375
88754
89524
33058
77354
92274
80093
60812
25800
22349
20751
8900
29733
108518
13919
52472
62918
63109
29294
23796
564
107443
108491
47779
50295
14278
97071
69176
21246
39124
103637
52215
67158
21268
133050
72736
86615
8162
82511
112409
21558
108991
29726
83825
31316
132903
24762
126298
12931
9670
59199
93220
29045
131
21014
36268
134719
128598
79987
56491
77334
12481
64125
68717
2235
3003
108147
99633
24487
78804
21087
37512
21749
25614
39169
125698
16310
13052
22964
45302
105590
3725
71990
29649
54938
87133
107981
26435
47209
95970
71804
67586
90110
45632
22656
47663
102912
75689
97529
23526
62091
88877
101937
95068
97735
81689
117955
83935
107850
83898
43908
115866
87004
31372
120919
62838
34569
109844
16029
59355
38090
90625
12100
100421
32885
63765
89384
40290
133133
12976
82405
115139
84300
50016
86975
33064
85624
53584
118290
77257
120014
119523
17599
10227
51107
79372
119337
112413
43862
89023
38007
136616
123408
76949
68264
61069
124341
10752
17070
43535
101993
121369
13680
47823
80587
18482
52187
38737
59400
63094
13795
120639
100070
70546
11275
83277
101281
128330
35344
63088
86095
95399
133603
134643
60766
60375
20246
64586
99973
126337
10653
91091
26522
20782
56038
110904
66040
12312
8357
46293
96719
34576
30008
85260
90109
135539
56112
30844
30547
87766
50261
33804
116089
125147
46531
106017
47647
21615
21589
42577
135712
133399
14507
82541
32826
36340
111851
108061
47214
115001
82366
101522
61768
94937
31799
44256
61416
62097
21023
73560
133744
39088
125706
14465
5177
39671
96508
22649
104940
20208
117143
4317
34250
53850
77005
2411
8856
441
15667
70234
104626
36817
49293
40773
107479
80551
77393
2598
38029
122052
110890
82046
52572
28962
59759
78756
15908
104883
99891
16034
8136
52665
48661
38950
31037
8364
100153
86525
123080
4209
56275
93957
39225
35621
69259
109390
517
33601
101749
38242
51716
34797
18685
30833
38916
130052
117457
4067
51833
93871
10047
107526
31085
96435
126457
36237
62062
5772
49745
130629
48121
77378
1495
36400
90009
24096
76154
136361
92773
13024
119816
33046
81126
7074
49793
49185
115597
101423
68823
29750
44589
62428
69816
50600
30965
66240
28353
114987
36551
28518
4983
47790
30572
7871
89424
64790
17432
116177
43980
50805
53636
31753
48788
31923
106750
5575
98969
112108
123713
23345
115028
51513
100855
14016
20826
33089
85726
76254
135759
9947
8432
33897
42107
71702
13583
24342
81864
122283
11022
24168
4895
12935
35458
75397
58052
43132
133566
2273
21208
23652
64069
69344
79886
13166
27838
50160
134038
76641
3336
5215
97372
27162
58089
69666
1334
133657
8381
67860
12818
113772
25567
11927
55120
69727
121142
91735
64648
25664
24223
16880
61399
33697
43269
45708
6205
88139
99104
46271
96231
54563
19111
41719
26487
28348
9088
115471
68799
54058
6068
93192
36532
101559
70295
18662
88013
99203
106255
97403
135328
102372
95447
42624
118876
7328
123247
897
9618
96189
118683
83471
37918
42104
13773
41966
26599
13476
120162
31595
111988
9799
1074
2428
109711
107297
55028
127877
81982
114805
45675
28934
57819
94523
47054
68473
103390
20333
51066
55226
88578
31921
7047
42102
89710
70600
6413
86171
17689
73250
16247
54984
99807
84576
79428
128891
53530
62507
26359
59361
82598
68949
83110
13866
63628
33151
109034
99753
40185
135714
60141
19319
52869
40928
57523
45286
15930
38795
83372
53670
110129
66664
95476
12413
7334
21029
38093
14985
74156
119599
69463
68768
126711
55602
1509
52872
69213
87163
9526
70903
98970
111941
14637
98042
33502
116235
52221
27520
3984
32813
90728
10908
80741
32455
56747
111115
15880
129732
26984
58209
78083
15196
52345
101035
72608
128336
124427
103753
60115
102008
118044
71255
88453
12922
51725
41311
121557
46645
47723
63009
101101
40523
16004
5754
76906
78919
29519
108768
83291
106279
84820
62009
13218
17226
81647
12317
79265
132203
98507
21670
85219
102292
84348
65241
113887
46088
92543
33966
60813
114943
56925
4768
98097
93552
454
49705
25648
127372
87880
29709
55678
5810
88535
119120
8823
112177
27796
88501
99561
113023
49365
19433
136548
42534
59353
111712
132552
45794
93906
5558
116289
368
25533
72900
69944
75110
105272
80843
91373
136699
88940
77013
6580
132596
57081
17659
30342
20885
108936
120600
41331
121972
46593
91863
54696
38399
64333
95305
83901
32447
57172
105863
8836
103093
66084
107531
88691
106447
20126
10806
121110
114683
20179
122308
94996
63595
79273
41813
25427
135525
3190
78128
49781
110271
66224
55894
23565
1472
33348
42804
55454
29111
85368
94095
71261
34630
50188
66161
88517
69437
27727
37934
87182
13654
1206
90164
122290
61852
8382
35027
81192
42679
104952
88209
131988
13790
129821
68616
2154
136875
131995
44303
37909
120723
31749
20369
116738
109738
76904
9024
121338
35917
99334
37661
42091
28373
113475
114944
134326
60565
67710
111057
19105
11625
53434
16289
44103
90803
90037
25920
2405
73930
66787
11889
60913
53493
4988
25547
52199
1204
33621
56129
5094
101086
37415
119607
62946
42781
12518
19636
10598
2394
68658
58551
55893
752
119413
70723
45519
59389
29185
49431
58815
108236
69972
49877
75609
68993
19886
51951
25467
16792
99118
70995
80993
28290
131878
6427
83735
76521
21644
75024
49669
59761
115334
36522
30132
87139
30973
6118
30925
35204
82252
79226
35083
48915
35024
58103
66912
7372
25812
70827
111820
52453
18445
12795
61486
24070
121617
10925
103970
18520
106774
77834
113639
83224
125700
133613
22448
134902
4404
95534
131705
111732
1752
102909
85311
19872
125490
91142
43473
43881
120415
67344
99121
130556
62857
32851
123770
119772
82070
2386
23537
54627
37135
103278
105887
129422
115320
113943
81276
11956
51002
67327
13878
74223
106599
53813
72641
57245
15811
23093
76219
3040
82245
81241
91130
84154
78548
3626
64223
37213
92766
136996
100775
71094
939
89029
63464
27499
83511
106835
49827
86394
114660
98472
54665
83191
62989
52112
25244
7753
117769
26975
75319
127668
92439
93553
40931
87320
56389
88274
58594
80484
81408
1257
76260
18943
98089
113337
76179
17684
33185
53950
14144
40188
82820
7984
51295
9600
97926
18325
124340
80401
32816
64435
58446
70357
56749
73281
20955
17131
39486
112850
72007
33360
2045
12975
30456
8331
78185
17358
66688
108571
58871
48262
33034
30647
75141
37391
3327
3120
19399
29530
82604
5522
134300
14547
58028
95592
6950
126568
113749
40638
16433
32364
99160
114085
26058
106766
44374
26617
46880
120630
110538
26091
61683
101303
10220
78780
28725
47009
83114
28988
25880
10128
27094
25381
64966
123020
135742
50880
6772
126618
22385
28288
135252
71452
25201
122270
20238
49235
9089
125486
25620
105419
118164
125370
85608
18057
33240
1207
49068
13673
22698
51650
102504
71430
57718
100129
12700
125751
6969
34706
34690
75871
10610
106654
93586
58733
135862
77244
102800
35817
19790
98731
135887
88967
115769
32783
21550
109140
50371
107290
69852
52313
45266
19000
40783
45064
76229
13011
3698
64143
80882
87813
91320
41687
74073
44507
115456
41922
29531
39542
64086
20945
55934
16399
91841
119568
126820
2678
122061
7356
110948
975
90646
16765
63230
135626
105604
29674
4381
108049
95819
39893
37294
28053
12016
91797
84011
101168
94819
133667
68831
67081
17968
49418
16089
13971
38544
26896
91485
121823
61205
101908
66671
24300
98652
92278
115005
286
30730
49092
11337
36425
106240
51624
110117
30268
14414
75228
14733
113960
37923
47662
62502
54477
87598
38025
25863
69926
47700
61707
102508
135351
103008
82787
126519
94046
62053
20565
76768
62042
134150
75634
33901
11617
118788
52276
92373
47413
44127
40522
37640
131904
119197
84290
62429
86655
29188
98823
82557
47887
22065
89536
25259
106917
34031
33563
1560
46128
110008
93357
23820
104697
63813
12552
99599
7194
14573
92685
110680
45921
4051
119517
4671
117562
101637
29549
57898
79370
12907
26911
45791
28376
845
92269
24087
59095
131706
89123
62100
27940
8468
133712
44114
103525
66879
103509
103774
63524
112312
119493
36718
78153
124444
21315
25883
121239
81847
83912
131887
116622
46124
12243
28444
124836
70318
68957
17195
38842
55312
82395
83804
114603
63481
122819
47601
24501
119775
10765
41616
79176
40572
115016
35872
69822
64684
88736
83131
28263
71283
121461
39723
90589
67356
26934
29623
83785
66733
26382
125158
75652
100092
73243
88500
77518
79788
17767
10162
3862
28641
127463
125940
115374
70787
38641
8229
74408
47221
2108
19144
54480
58719
60802
96337
54184
20146
6898
664
118770
83789
134076
19671
127514
78051
131632
96217
5190
117139
8367
33102
16152
3445
85098
76420
105062
8193
7482
3963
25192
64220
72013
43804
60570
129013
97152
102249
41395
109671
8261
67906
111227
90123
113882
20013
66777
37047
118451
125825
17762
13418
33131
56217
136335
119922
47347
8051
128673
50973
106235
1429
15877
25437
24845
65884
25530
17650
44949
111337
12603
96894
37791
20149
70150
63804
55383
82231
40583
47486
83391
11220
26301
77693
27759
88506
131709
72199
85443
78012
56060
68705
4732
25094
2033
47273
50779
133681
88894
129477
98776
99020
19048
45073
56268
86073
40032
69198
58244
109918
19214
69460
47418
37407
117547
57251
61003
52129
81573
123302
93765
107844
125604
25616
46997
30242
75374
9769
37695
87431
76902
2919
54292
100625
68873
60643
38844
33520
12610
32215
136318
107563
30745
39375
34005
19729
128325
9573
98977
105830
103170
39175
72940
14700
44537
71900
23833
118312
66663
80948
10465
6078
51435
88654
40144
101717
68169
26177
25498
35829
36368
25715
116694
1289
57958
28970
14993
72511
30712
69540
47276
32082
88715
136364
25481
3703
37987
130815
20361
6521
85952
108748
544
124301
19787
121370
105122
84869
38694
20091
46079
7366
46034
113998
62470
10956
34601
32612
128803
105759
118487
80138
26210
123628
25141
13806
29930
64122
32646
10433
118804
50314
6915
2098
37502
131311
80765
28744
80898
23026
12778
44629
74830
109210
128960
26203
4083
35943
66250
107344
33190
60846
13427
1021
83563
18012
73314
39577
87945
51062
49462
88712
46533
121129
109654
88965
42390
20888
10061
57261
94903
12197
47323
11805
1430
100096
62477
81902
133632
11826
34447
79575
10179
101456
64128
110253
86667
94017
43850
1620
38758
67724
121537
18002
42052
12785
126143
115448
77319
72269
135688
81569
37491
81969
57287
72666
84064
20074
88490
40065
78348
2611
33494
27864
33025
26236
80126
79264
134637
115888
98557
41261
37966
24569
4154
63281
107977
96726
103282
61668
55181
60547
11820
67164
100303
136476
85531
101323
6889
35948
78261
54894
123242
10905
36903
37382
115004
16048
7793
60607
112895
42552
95983
25270
68174
134067
120702
113582
37021
95038
103497
33155
109936
20210
62658
85331
135497
53805
2226
128040
5492
102862
37699
114277
46577
103156
81145
7358
76958
52833
58613
135917
85933
17645
36623
33422
54085
135513
86514
33276
37363
72183
33376
78231
45405
113297
118933
85313
28015
39040
29074
69720
83693
74201
87854
69335
88570
124225
97563
58418
111216
81890
8188
25796
67336
100643
76693
4913
36792
62122
93540
59421
552
60299
97958
63797
128407
99350
55316
22302
75282
50430
131714
50247
68086
44397
33026
119800
62367
67168
115306
80514
26495
105066
103907
120010
34617
69994
1423
90349
121937
78269
29395
121464
13666
30503
74148
21573
49846
37400
131204
9047
99111
77194
20014
74269
32315
20589
134149
108729
75475
3882
55826
15326
53696
129628
52686
75443
71875
40886
39898
44845
17076
31649
44745
135230
94056
130603
28815
106034
12569
23222
18603
22318
62787
6959
97846
62059
129341
63903
90173
131162
25524
62917
35155
26822
81645
37766
33672
86944
49318
130510
16328
54625
18973
11450
55846
109533
8215
51903
103786
134297
15259
6153
75986
27395
11815
25854
115022
28909
3496
71195
94665
60520
109529
39024
108666
55842
87115
13559
68968
39068
66380
46399
20690
101185
90603
72287
78777
83784
51080
95449
78719
6014
16795
55837
88955
84063
53676
40166
120181
63322
70018
104662
133230
96233
40914
97389
83390
82219
120215
20255
113703
51400
10239
26169
98574
28762
88068
20090
116001
18664
27006
40602
125357
46576
39083
95178
73512
100301
29231
96038
26887
14586
46670
99963
135465
81288
82265
51816
74113
6633
109858
133631
97847
134626
98259
7991
63960
35222
16622
73275
45365
62326
2766
79797
10012
6312
97392
6551
97601
4937
69225
16900
6899
126187
42614
33123
67389
90083
61912
105491
42983
34039
90920
107510
91666
9817
23277
76322
54171
73271
50956
120446
33951
102431
76793
74784
50346
114993
54557
20106
114574
40568
85175
5861
77299
29587
135746
60889
104813
88959
33170
96254
115009
114280
34905
102481
111855
125796
6144
134653
61820
60164
63542
108893
14080
77104
42288
95869
12452
26941
44788
15016
71651
12184
117676
81885
43073
134315
61653
121102
80696
3495
27135
39724
9040
86801
41247
51637
12853
73888
121389
52948
99014
44546
13081
32475
5904
3815
48019
92201
136671
131313
11870
23744
7048
41369
136139
97348
28430
114342
95673
39702
137039
18158
75399
90624
93741
14077
53680
28844
129557
104311
62043
135630
3098
49472
12801
52761
133983
77935
54376
16025
62705
81229
23583
69295
20735
79191
1354
51265
97185
26900
32682
50461
13579
9251
12678
118890
10274
26946
50253
113918
60654
116720
55741
5194
87657
45209
130240
82134
87784
127844
67883
98819
134058
51110
59749
108329
53280
16579
21188
106482
113058
29473
27316
19493
124535
40714
61663
46699
81289
115926
128866
34752
12081
67318
1611
76533
40097
55073
79714
89240
81414
18706
88719
6966
92241
3890
68418
72768
21889
59162
85838
76150
10715
